119
2 169 169 1
2 169 169 2
2 169 169 3
2 169 169 4
2 169 169 5
2 169 169 6
2 169 169 7
2 169 169 8
2 169 169 9
2 169 169 10
2 169 169 11
2 169 169 12
2 169 169 13
2 169 169 14
2 169 169 15
2 169 169 16
1 1 9 17
1 2 10 18
1 3 11 19
1 4 12 20
1 5 13 21
1 6 14 22
1 7 15 23
1 8 16 24
2 169 169 25
2 169 169 26
2 169 169 27
2 169 169 28
2 169 169 29
2 169 169 30
2 169 169 31
2 169 169 32
1 17 25 33
1 18 26 34
1 19 27 35
1 20 28 36
1 21 29 37
1 22 30 38
1 23 31 39
1 24 32 40
2 169 169 41
2 169 169 42
2 169 169 43
2 169 169 44
2 169 169 45
2 169 169 46
2 169 169 47
2 169 169 48
1 33 41 49
1 34 42 50
1 35 43 51
1 36 44 52
1 37 45 53
1 38 46 54
1 39 47 55
1 40 48 56
2 169 169 57
2 169 169 58
2 169 169 59
2 169 169 60
2 169 169 61
2 169 169 62
2 169 169 63
2 169 169 64
1 49 57 65
1 50 58 66
1 51 59 67
1 52 60 68
1 53 61 69
1 54 62 70
1 55 63 71
1 56 64 72
2 169 169 73
2 169 169 74
2 169 169 75
2 169 169 76
2 169 169 77
2 169 169 78
1 66 73 79
1 67 74 80
1 68 75 81
1 69 76 82
1 70 77 83
1 71 78 84
2 169 169 85
2 169 169 86
2 169 169 87
2 169 169 88
2 169 169 89
2 169 169 90
1 79 85 91
1 80 86 92
1 81 87 93
1 82 88 94
1 83 89 95
1 84 90 96
2 169 169 97
2 169 169 98
2 169 169 99
2 169 169 100
1 92 97 101
1 93 98 102
1 94 99 103
1 95 100 104
2 169 169 105
2 169 169 106
2 169 169 107
2 169 169 108
1 65 91 109
1 101 105 110
1 102 106 111
1 103 107 112
1 104 108 113
1 109 110 114
1 111 114 115
1 112 115 116
1 113 116 117
1 96 117 118
1 72 118 119
